1785.0525
1762.6603125
1768.719375
1774.7784375
1774.44475
1772.62703125
1779.1690625
1794.31671875
1808.0945
1815.365375
1822.63625
1818.5090625
1812.45
1810.2898125
1811.501625
1816.665
1836.054
1855.443
1830.7325625
1801.04315625
1790.32125
1793.35078125
1794.4835625
1790.24221875
1786.000875
1791.4628125
1797.521875
1803.5809375
1809.64
1808.50721875
1790.9359375
1773.36465625
1772.512875
1771.90696875
1767.665625
1761.6065625
1762.50225
1776.43809375
1789.5309375
1774.38328125
1759.235625
1750.11190625
1743.4469375
1755.27528125
1795.871
1833.87625
1838.7235
1843.57075
1879.925125
1926.57990625
1966.121875
1996.4171875
2022.70825
2018.46690625
2014.2255625
2024.47328125
2038.409125
2049.44715625
2057.3239375
2056.50728125
2009.8525
1963.19771875
1949.64825
1942.377375
1925.938875
1901.09671875
1882.4014375
1887.85459375
1893.30775
1907.33140625
1922.4790625
1935.2294375
1946.13575
1956.59421875
1965.6828125
1974.77140625
1965.314
1954.4076875
1950.14
1950.14
1948.0325
1940.761625
1933.49075
1907.98121875
1881.92725
1890.64703125
1917.9128125
1932.4545625
1921.54825
1911.2215
1940.305
1969.3885
2003.53
2039.884375
2067.562875
2080.8928125
2097.559625
2168.45065625
2239.3416875
2318.29390625
2400.09125
2442.9261875
2432.019875
2423.01909375
2430.895875
2438.77265625
2416.775625
2386.4803125
2370.235
2370.235
2359.521875
2285.6013125
2211.68075
2133.7559375
2054.988125
1983.90390625
1920.28375
1854.2663125
1777.922125
1701.5779375
1643.1475
1587.404125
1545.3419375
1514.44071875
1489.581
1484.73375
1479.8865
1427.4624375
1370.50725
1351.35534375
1358.0203125
1359.8468125
1348.9405
1338.0341875
1322.491375
1306.7378125
1305.280125
1311.94509375
1305.6665
1271.73575
1237.805
1211.75103125
1185.6970625
1179.040875
1181.4645
1171.1553125
1138.436375
1106.74484375
1097.65625
1088.56765625
1078.6009375
1068.30053125
1069.0645
1086.029875
1099.3598125
1074.51765625
1049.6755
1025.76415625
1002.1338125
990.48109375
993.510625
994.32728125
980.3914375
966.45559375
970.7145
979.1971875
984.3956875
986.21340625
984.869875
968.51040625
952.1509375
935.273375
918.308
899.06828125
877.8615625
862.18703125
866.428375
870.66971875
839.522625
804.3800625
799.09375
815.45321875
825.332125
816.8494375
808.36675
801.025625
793.75475
794.41334375
799.8665
794.8085
765.725
736.6415
751.148125
766.29578125
778.2119375
788.51234375
786.16775
760.11378125
734.9379375
739.17928125
743.420625
730.881
711.492
699.69
699.69
699.73390625
700.3398125
700.94571875
706.5745
713.845375
708.998125
688.3973125
670.6065
674.2419375
677.877375
678.13203125
677.526125
687.93190625
710.3504375
723.88234375
690.5575
657.23265625
634.603375
614.0025625
600.98875
594.9296875
590.9605625
595.20190625
599.44325
595.11409375
589.6609375
582.4954375
574.01275
565.97790625
559.3129375
552.64796875
558.347
565.01196875
566.5135625
564.69584375
562.878125
561.06040625
559.2426875
547.423125
535.305
535.0415625
541.100625
544.332125
541.9085
539.40584375
531.5290625
523.65228125
525.8915
532.55646875
536.4816875
535.87578125
534.637625
523.12540625
511.6131875
505.9229375
502.2875
505.52778125
518.2518125
535.64746875
594.420375
653.19328125
652.2185625
634.64728125
625.506
626.11190625
624.17125
607.205875
590.2405
574.77671875
559.6290625
555.54578125
562.21075
569.78896875
581.3011875
592.81340625
589.04625
582.9871875
568.5859375
547.37921875
532.495
538.5540625
544.613125
560.630125
577.5955
579.79959375
571.9228125
562.71128125
549.98725
537.26321875
539.6078125
542.63734375
553.008
567.54975
576.68225
574.258625
