438.36
447.44859375
456.5371875
455.72053125
450.267375
447.668125
450.09175
451.69871875
435.33925
418.97978125
417.9875
422.83475
430.878375
443.60240625
455.7995625
462.46453125
469.1295
470.20959375
469.6036875
469.27
469.27
469.4280625
470.639875
471.8516875
485.35725
501.71671875
509.1193125
507.30159375
506.326875
509.35640625
512.3859375
505.05359375
495.965
496.9485
506.643
514.36171875
514.967625
515.57353125
515.0905625
514.48465625
505.44875
490.30109375
483.6888125
501.26009375
518.831375
513.000625
505.72975
517.71615625
541.3465
553.7280625
540.398125
527.0681875
532.249125
537.70228125
522.9585625
498.11640625
486.76225
500.69809375
514.2826875
516.10040625
517.918125
513.281625
506.01075
506.08978125
517.602
529.37765625
544.5253125
559.67296875
557.01225
548.5295625
545.0521875
548.08171875
549.355
537.236875
525.11875
527.97265625
534.637625
544.20040625
556.9244375
568.29615625
572.5375
576.77884375
568.287375
557.3810625
556.906875
565.99546875
569.060125
548.4593125
527.8585
532.43353125
540.3103125
538.2555
528.561
522.29996875
526.5413125
530.78265625
550.76
571.96671875
599.0744375
629.97565625
646.3
626.911
607.522
604.01828125
600.98875
605.4671875
613.949875
620.8168125
624.45225
627.92084375
620.0440625
612.16728125
621.1505
637.50996875
652.9561875
666.89203125
679.52825
671.0455625
662.562875
679.60728125
705.66125
714.39859375
699.2509375
688.03728125
711.667625
735.29796875
730.002875
716.6729375
684.235
629.7034375
592.383125
656.6091875
720.83525
771.54696875
819.4135625
844.53671875
847.56625
848.4268125
839.944125
831.4614375
847.215
866.604
878.3181875
883.77134375
884.7285
870.79265625
856.8568125
860.07075
864.918
869.76525
874.6125
888.803
927.581
966.359
971.522375
975.1578125
971.06575
962.5830625
960.282375
971.1886875
982.095
1007.5430625
1032.991125
1033.26334375
1021.751125
1018.14203125
1028.4424375
1038.58478125
1045.24975
1051.91471875
1064.7265625
1079.87421875
1090.842
1095.68925
1099.1139375
1087.60171875
1076.0895
1079.47028125
1087.3470625
1114.27915625
1164.569375
1212.5676875
1245.286625
1278.0055625
1287.1205
1290.7559375
1322.1576875
1382.14240625
1429.482125
1416.75809375
1404.0340625
1439.49275
1483.118
1512.12246875
1528.4819375
1562.49171875
1660.042625
1757.59353125
1826.28925
1891.727125
1928.3625
1944.1160625
1950.06975
1928.257125
1906.4445
1930.86515625
1958.1309375
1969.53778125
1971.3555
1987.92571875
2038.2159375
2088.50615625
2104.163125
2119.31078125
2123.552125
2122.3403125
2133.98425
2169.73271875
2203.918125
2185.7409375
2167.56375
2163.1555625
2164.367375
2176.72259375
2206.412
2232.58890625
2213.8058125
2195.02271875
2186.285375
2180.83221875
2167.739375
2144.7149375
2122.74425
2108.80840625
2094.8725625
2090.59609375
2088.778375
2088.4095625
2089.621375
2095.662875
2127.17
2158.677125
2148.9299375
2131.35865625
2137.812875
2166.29046875
2194.645125
2222.5168125
2250.3885
2255.22696875
2257.0446875
2255.7801875
2252.14475
2257.61546875
2290.9403125
2324.26515625
2339.044
2352.3739375
2360.9093125
2366.36246875
2370.9375
2373.361125
2375.78475
2381.7384375
2387.7975
2366.195625
2329.84125
2315.2995
2344.383
2372.939625
2365.66875
2358.397875
2366.301
2380.84275
2367.3020625
2307.31734375
2251.86375
2270.0409375
2288.218125
2310.87375
2335.11
2355.7810625
2371.534625
2385.01384375
2378.348875
2371.68390625
2366.4415
2361.59425
2345.507
2316.4235
2291.4671875
2290.86128125
2290.255375
2267.62609375
2240.3603125
2212.47984375
2184.00225
2163.51559375
2177.4514375
2191.38728125
2197.42
2202.26725
2191.0975
2166.86125
2148.1045
2147.49859375
2146.8926875
2104.795375
2058.7465
2039.3399375
2038.128125
2031.243625
2009.431
1987.618375
1980.2948125
1973.62984375
1939.918625
1890.84021875
1860.501
1870.1955
1879.89
1874.43684375
1868.9836875
1877.15025
1891.692
1895.03765625
1878.6781875
1862.74021875
1856.07525
1849.41028125
1835.7203125
1819.36084375
1809.14825
1807.9364375
1808.6740625
1829.88078125
1851.0875
1845.30065625
1831.3648125
1811.712375
