250.0
250.0
250.0
250.0
250.0
250.0
250.0
250.0
250.0
250.0
250.0
250.0
250.0
250.0
250.0
250.0
250.0
250.0
250.0
250.0
250.0
250.0
250.0
250.0
250.0
250.0
250.0
250.0
250.0
250.0
250.0
250.0
250.0
250.0
250.0
250.0
250.0
250.0
250.0
250.0
250.0
250.0
250.0
250.0
250.0
250.0
250.0
250.0
250.0
250.0
250.0
250.0
250.0
250.0
250.0
250.0
250.0
250.0
250.0
250.0
250.0
250.0
250.0
250.0
250.0
250.0
250.0
250.0
250.0
250.0
250.0
250.0
250.0
250.0
250.0
250.0
250.0
250.0
250.0
250.0
250.0
250.0
250.0
250.0
250.0
250.0
250.0
250.0
250.0
250.0
250.0
250.0
250.0
250.0
250.0
250.0
250.0
250.0
250.0
250.0
250.0
250.0
250.0
250.0
250.0
250.0
250.0
250.0
250.0
250.0
250.0
250.0
250.0
250.0
250.0
250.0
250.0
250.0
250.0
250.0
250.0
250.0
250.0
250.0
250.0
250.0
250.0
250.0
250.0
250.0
250.0
250.0
250.0
250.0
250.0
250.0
250.0
250.0
250.0
250.0
250.0
250.0
250.0
250.0
250.0
250.0
250.0
250.0
250.0
250.0
250.0
250.0
250.0
250.0
250.0
250.0
250.0
250.0
250.0
250.0
250.0
250.0
250.0
250.0
250.0
250.0
250.0
250.0
250.0
250.0
250.0
250.0
250.0
260.546875
275.78125
291.015625
306.25
321.484375
336.71875
351.953125
367.1875
382.421875
397.65625
412.890625
428.125
443.359375
458.59375
473.828125
489.0625
504.296875
519.53125
534.765625
550.0
565.234375
580.46875
595.703125
610.9375
626.171875
641.40625
656.640625
671.875
687.109375
702.34375
717.578125
732.8125
748.046875
763.28125
778.515625
793.75
808.984375
824.21875
839.453125
854.6875
869.921875
885.15625
900.390625
915.625
930.859375
946.09375
961.328125
976.5625
991.796875
1005.859375
1018.5546875
1031.25
1043.9453125
1056.640625
1069.3359375
1082.03125
1094.7265625
1107.421875
1120.1171875
1132.8125
1145.5078125
1157.8125
1167.96875
1178.125
1188.28125
1198.4375
1208.59375
1218.75
1228.90625
1239.0625
1249.21875
1259.375
1269.53125
1279.6875
1281.25
1281.25
1281.25
1281.25
1281.25
1281.25
1281.25
1281.25
1281.25
1281.25
1281.25
1281.25
1281.25
1281.25
1281.25
1281.25
1281.25
1281.25
1281.25
1281.25
1281.25
1281.25
1281.25
1281.25
1281.25
1281.25
1281.25
1281.25
1281.25
1281.25
1281.25
1281.25
1281.25
1281.25
1281.25
1281.25
1281.25
1281.25
1281.25
1281.25
1281.25
1281.25
1281.25
1281.25
1281.25
1281.25
1281.25
1281.25
1281.25
1281.25
1281.25
1281.25
1281.25
1281.25
1281.25
1281.25
1281.25
1281.25
1281.25
1281.25
1281.25
1281.25
1281.25
1281.25
1281.25
1281.25
1281.25
1281.25
1281.25
1281.25
1281.25
1281.25
1281.25
1281.25
1281.25
1281.25
1281.25
1281.25
1281.25
1281.25
1281.25
1281.25
1281.25
1281.25
1281.25
1281.25
1281.25
1281.25
1281.25
1281.25
1281.25
1281.25
1281.25
1281.25
1281.25
1281.25
1281.25
1281.25
1281.25
1281.25
1281.25
1281.25
1281.25
1281.25
1281.25
1281.25
1281.25
1281.25
1281.25
1281.25
1281.25
1281.25
1281.25
1281.25
1281.25
1281.25
1281.25
1281.25
1281.25
1281.25
1281.25
1281.25
1281.25
1281.25
1281.25
1281.25
1281.25
1281.25
1281.25
1281.25
1281.25
1281.25
1281.25
1281.25
1281.25
1281.25
1281.25
1281.25
1281.25
1281.25
1281.25
1281.25
1281.25
1281.25
1281.25
1281.25
1281.25
1281.25
1281.25
1281.25
1281.25
1281.25
1281.25
1281.25
1281.25
1281.25
1281.25
1281.25
1281.25
1281.25
1281.25
1281.25
1281.25
1281.25
1281.25
1281.25
1281.25
1281.25
1281.25
1281.25
1281.25
1281.25
1281.25
1281.25
1281.25
1281.25
1281.25
1281.25
1281.25
1281.25
1281.25
1281.25
1281.25
1281.25
1281.25
1281.25
1281.25
1281.25
1281.25
1281.25
1281.25
1281.25
1281.25
1281.25
1281.25
1281.25
1281.25
1281.25
1281.25
1281.25
1281.25
1281.25
1281.25
1281.25
1281.25
1281.25
1281.25
1281.25
1281.25
1281.25
1281.25
1281.25
1281.25
1281.25
1281.25
1281.25
1281.25
1281.25
1281.25
1281.25
1281.25
1281.25
1281.25
1281.25
1281.25
1281.25
1281.25
1281.25
1281.25
1281.25
1281.25
1281.25
1281.25
