438.36
447.44859375
456.5371875
455.72053125
450.267375
447.668125
450.09175
451.69871875
435.33925
418.97978125
417.9875
422.83475
430.878375
443.60240625
455.7995625
462.46453125
469.1295
470.20959375
469.6036875
469.27
469.27
469.4280625
470.639875
471.8516875
485.35725
501.71671875
509.1193125
507.30159375
506.326875
509.35640625
512.3859375
505.05359375
495.965
496.9485
506.643
514.36171875
514.967625
515.57353125
515.0905625
514.48465625
505.44875
490.30109375
483.6888125
501.26009375
518.831375
513.000625
505.72975
517.71615625
541.3465
553.7280625
540.398125
527.0681875
532.249125
537.70228125
522.9585625
498.11640625
486.76225
500.69809375
514.2826875
516.10040625
517.918125
513.281625
506.01075
506.08978125
517.602
529.37765625
544.5253125
559.67296875
557.01225
548.5295625
545.0521875
548.08171875
549.355
537.236875
525.11875
527.97265625
534.637625
544.20040625
556.9244375
568.29615625
572.5375
576.77884375
568.287375
557.3810625
556.906875
565.99546875
569.060125
548.4593125
527.8585
532.43353125
540.3103125
538.2555
528.561
522.29996875
526.5413125
530.78265625
550.76
571.96671875
599.0744375
629.97565625
646.3
626.911
607.522
604.01828125
600.98875
605.4671875
613.949875
620.8168125
624.45225
627.92084375
620.0440625
612.16728125
621.1505
637.50996875
652.9561875
666.89203125
679.52825
671.0455625
662.562875
679.60728125
705.66125
714.39859375
699.2509375
688.03728125
711.667625
735.29796875
730.002875
716.6729375
684.235
629.7034375
592.383125
656.6091875
720.83525
771.54696875
819.4135625
844.53671875
847.56625
848.4268125
839.944125
831.4614375
847.215
866.604
878.3181875
883.77134375
884.7285
870.79265625
856.8568125
860.07075
864.918
869.76525
874.6125
888.803
927.581
966.359
971.522375
975.1578125
971.06575
962.5830625
960.282375
971.1886875
982.095
1007.5430625
1032.991125
1033.26334375
1021.751125
1018.14203125
1028.4424375
1038.58478125
1045.24975
1051.91471875
1064.7265625
1079.87421875
1090.842
1095.68925
1099.1139375
1087.60171875
1076.0895
1079.47028125
1087.3470625
1114.27915625
1164.569375
1212.5676875
1245.286625
1278.0055625
1287.1205
1290.7559375
1322.1576875
1382.14240625
1429.482125
1416.75809375
1404.0340625
1439.49275
1483.118
1512.12246875
1528.4819375
1562.49171875
1660.042625
1757.59353125
1826.28925
1891.727125
1928.3625
1944.1160625
1950.06975
1928.257125
1906.4445
1930.86515625
1958.1309375
1969.53778125
1971.3555
1987.92571875
2038.2159375
2088.50615625
2104.163125
2119.31078125
2123.552125
2122.3403125
2133.98425
2169.73271875
2203.918125
2185.7409375
2167.56375
2163.1555625
2164.367375
2176.72259375
2206.412
2232.58890625
2213.8058125
2195.02271875
2186.285375
2180.83221875
2167.739375
2144.7149375
2122.74425
2108.80840625
2094.8725625
2090.59609375
2088.778375
2088.4095625
2089.621375
2095.662875
2127.17
2158.677125
2148.9299375
2131.35865625
2137.812875
2166.29046875
2194.645125
2222.5168125
2250.3885
2255.22696875
2257.0446875
2255.7801875
2252.14475
2257.61546875
2290.9403125
2324.26515625
2339.044
2352.3739375
2360.9093125
2366.36246875
2370.9375
2373.361125
2375.78475
2381.7384375
2387.7975
2366.195625
2329.84125
2315.2995
2344.383
2372.939625
2365.66875
2358.397875
2366.301
2380.84275
2367.3020625
2307.31734375
2251.86375
2270.0409375
2288.218125
2310.87375
2335.11
2355.7810625
2371.534625
2385.01384375
2378.348875
2371.68390625
2366.4415
2361.59425
2345.507
2316.4235
2291.4671875
2290.86128125
2290.255375
2267.62609375
2240.3603125
2212.47984375
2184.00225
2163.51559375
2177.4514375
2191.38728125
2197.42
2202.26725
2191.0975
2166.86125
2148.1045
2147.49859375
2146.8926875
2104.795375
2058.7465
2039.3399375
2038.128125
2031.243625
2009.431
1987.618375
1980.2948125
1973.62984375
1939.918625
1890.84021875
1860.501
1870.1955
1879.89
1874.43684375
1868.9836875
1877.15025
1891.692
1895.03765625
1878.6781875
1862.74021875
1856.07525
1849.41028125
1835.7203125
1819.36084375
1809.14825
1807.9364375
1808.6740625
1829.88078125
1851.0875
1845.30065625
1831.3648125
1811.712375
1785.0525
1762.6603125
1768.719375
1774.7784375
1774.44475
1772.62703125
1779.1690625
1794.31671875
1808.0945
1815.365375
1822.63625
1818.5090625
1812.45
1810.2898125
1811.501625
1816.665
1836.054
1855.443
1830.7325625
1801.04315625
1790.32125
1793.35078125
1794.4835625
1790.24221875
1786.000875
1791.4628125
1797.521875
1803.5809375
1809.64
1808.50721875
1790.9359375
1773.36465625
1772.512875
1771.90696875
1767.665625
1761.6065625
1762.50225
1776.43809375
1789.5309375
1774.38328125
1759.235625
1750.11190625
1743.4469375
1755.27528125
1795.871
1833.87625
1838.7235
1843.57075
1879.925125
1926.57990625
1966.121875
1996.4171875
2022.70825
2018.46690625
2014.2255625
2024.47328125
2038.409125
2049.44715625
2057.3239375
2056.50728125
2009.8525
1963.19771875
1949.64825
1942.377375
1925.938875
1901.09671875
1882.4014375
1887.85459375
1893.30775
1907.33140625
1922.4790625
1935.2294375
1946.13575
1956.59421875
1965.6828125
1974.77140625
1965.314
1954.4076875
1950.14
1950.14
1948.0325
1940.761625
1933.49075
1907.98121875
1881.92725
1890.64703125
1917.9128125
1932.4545625
1921.54825
1911.2215
1940.305
1969.3885
2003.53
2039.884375
2067.562875
2080.8928125
2097.559625
2168.45065625
2239.3416875
2318.29390625
2400.09125
2442.9261875
2432.019875
2423.01909375
2430.895875
2438.77265625
2416.775625
2386.4803125
2370.235
2370.235
2359.521875
2285.6013125
2211.68075
2133.7559375
2054.988125
1983.90390625
1920.28375
1854.2663125
1777.922125
1701.5779375
1643.1475
1587.404125
1545.3419375
1514.44071875
1489.581
1484.73375
1479.8865
1427.4624375
1370.50725
1351.35534375
1358.0203125
1359.8468125
1348.9405
1338.0341875
1322.491375
1306.7378125
1305.280125
1311.94509375
1305.6665
1271.73575
1237.805
1211.75103125
1185.6970625
1179.040875
1181.4645
1171.1553125
1138.436375
1106.74484375
1097.65625
1088.56765625
1078.6009375
1068.30053125
1069.0645
1086.029875
1099.3598125
1074.51765625
1049.6755
1025.76415625
1002.1338125
990.48109375
993.510625
994.32728125
980.3914375
966.45559375
970.7145
979.1971875
984.3956875
986.21340625
984.869875
968.51040625
952.1509375
935.273375
918.308
899.06828125
877.8615625
862.18703125
866.428375
870.66971875
839.522625
804.3800625
799.09375
815.45321875
825.332125
816.8494375
808.36675
801.025625
793.75475
794.41334375
799.8665
794.8085
765.725
736.6415
751.148125
766.29578125
778.2119375
788.51234375
786.16775
760.11378125
734.9379375
739.17928125
743.420625
730.881
711.492
699.69
699.69
699.73390625
700.3398125
700.94571875
706.5745
713.845375
708.998125
688.3973125
670.6065
674.2419375
677.877375
678.13203125
677.526125
687.93190625
710.3504375
723.88234375
690.5575
657.23265625
634.603375
614.0025625
600.98875
594.9296875
590.9605625
595.20190625
599.44325
595.11409375
589.6609375
582.4954375
574.01275
565.97790625
559.3129375
552.64796875
558.347
565.01196875
566.5135625
564.69584375
562.878125
561.06040625
559.2426875
547.423125
535.305
535.0415625
541.100625
544.332125
541.9085
539.40584375
531.5290625
523.65228125
525.8915
532.55646875
536.4816875
535.87578125
534.637625
523.12540625
511.6131875
505.9229375
502.2875
505.52778125
518.2518125
535.64746875
594.420375
653.19328125
652.2185625
634.64728125
625.506
626.11190625
624.17125
607.205875
590.2405
574.77671875
559.6290625
555.54578125
562.21075
569.78896875
581.3011875
592.81340625
589.04625
582.9871875
568.5859375
547.37921875
532.495
538.5540625
544.613125
560.630125
577.5955
579.79959375
571.9228125
562.71128125
549.98725
537.26321875
539.6078125
542.63734375
553.008
567.54975
576.68225
574.258625
