979.0
987.89453125
996.7890625
995.98984375
990.653125
988.109375
990.48125
992.05390625
976.04375
960.03359375
959.0625
963.80625
971.678125
984.13046875
996.0671875
1002.58984375
1009.1125
1010.16953125
1009.5765625
1009.25
1009.25
1009.4046875
1010.590625
1011.7765625
1024.99375
1041.00390625
1048.2484375
1046.46953125
1045.515625
1048.48046875
1051.4453125
1044.26953125
1035.375
1036.3375
1045.825
1053.37890625
1053.971875
1054.56484375
1054.0921875
1053.49921875
1044.65625
1029.83203125
1023.3609375
1040.55703125
1057.753125
1052.046875
1044.93125
1056.66171875
1079.7875
1091.9046875
1078.859375
1065.8140625
1070.884375
1076.22109375
1061.7921875
1037.48046875
1026.36875
1040.00703125
1053.3015625
1055.08046875
1056.859375
1052.321875
1045.20625
1045.28359375
1056.55
1068.07421875
1082.8984375
1097.72265625
1095.11875
1086.8171875
1083.4140625
1086.37890625
1087.625
1075.765625
1063.90625
1066.69921875
1073.221875
1082.58046875
1095.0328125
1106.16171875
1110.3125
1114.46328125
1106.153125
1095.4796875
1095.015625
1103.91015625
1106.909375
1086.7484375
1066.5875
1071.06484375
1078.7734375
1076.7625
1067.275
1061.14765625
1065.2984375
1069.44921875
1089.0
1109.75390625
1136.2828125
1166.52421875
1182.5
1163.525
1144.55
1141.12109375
1138.15625
1142.5390625
1150.840625
1157.5609375
1161.11875
1164.51328125
1156.8046875
1149.09609375
1157.8875
1173.89765625
1189.0140625
1202.65234375
1215.01875
1206.7171875
1198.415625
1215.09609375
1240.59375
1249.14453125
1234.3203125
1223.34609375
1246.471875
1269.59765625
1264.415625
1251.3703125
1219.625
1166.2578125
1129.734375
1192.5890625
1255.44375
1305.07265625
1351.9171875
1376.50390625
1379.46875
1380.3109375
1372.009375
1363.7078125
1379.125
1398.1
1409.5640625
1414.90078125
1415.8375
1402.19921875
1388.5609375
1391.70625
1396.45
1401.19375
1405.9375
1419.825
1457.775
1495.725
1500.778125
1504.3359375
1500.33125
1492.0296875
1489.778125
1500.4515625
1511.125
1536.0296875
1560.934375
1561.20078125
1549.934375
1546.40234375
1556.4828125
1566.40859375
1572.93125
1579.45390625
1591.9921875
1606.81640625
1617.55
1622.29375
1625.6453125
1614.37890625
1603.1125
1606.42109375
1614.1296875
1640.48671875
1689.703125
1736.6765625
1768.696875
1800.7171875
1809.6375
1813.1953125
1843.9265625
1902.63046875
1948.959375
1936.50703125
1924.0546875
1958.75625
2001.45
2029.83515625
2045.8453125
2079.12890625
2174.596875
2270.06484375
2337.29375
2401.334375
2437.1875
2452.6046875
2458.43125
2437.084375
2415.7375
2439.63671875
2466.3203125
2477.48359375
2479.2625
2495.47890625
2544.6953125
2593.91171875
2609.234375
2624.05859375
2628.209375
2627.0234375
2638.41875
2673.40390625
2706.859375
2689.0703125
2671.28125
2666.9671875
2668.153125
2680.24453125
2709.3
2734.91796875
2716.5359375
2698.15390625
2689.603125
2684.26640625
2671.453125
2648.9203125
2627.41875
2613.78046875
2600.1421875
2595.95703125
2594.178125
2593.8171875
2595.003125
2600.915625
2631.75
2662.584375
2653.0453125
2635.84921875
2642.165625
2670.03515625
2697.784375
2725.0609375
2752.3375
2757.07265625
2758.8515625
2757.6140625
2754.05625
2759.41015625
2792.0234375
2824.63671875
2839.1
2852.1453125
2860.4984375
2865.83515625
2870.3125
2872.684375
2875.05625
2880.8828125
2886.8125
2865.671875
2830.09375
2815.8625
2844.325
2872.271875
2865.15625
2858.040625
2865.775
2880.00625
2866.7546875
2808.05078125
2753.78125
2771.5703125
2789.359375
2811.53125
2835.25
2855.4796875
2870.896875
2884.08828125
2877.565625
2871.04296875
2865.9125
2861.16875
2845.425
2816.9625
2792.5390625
2791.94609375
2791.353125
2769.20703125
2742.5234375
2715.23828125
2687.36875
2667.31953125
2680.9578125
2694.59609375
2700.5
2705.24375
2694.3125
2670.59375
2652.2375
2651.64453125
2651.0515625
2609.853125
2564.7875
2545.7953125
2544.609375
2537.871875
2516.525
2495.178125
2488.0109375
2481.48828125
2448.496875
2400.46640625
2370.775
2380.2625
2389.75
2384.41328125
2379.0765625
2387.06875
2401.3
2404.57421875
2388.5640625
2372.96640625
2366.44375
2359.92109375
2346.5234375
2330.51328125
2320.51875
2319.3328125
2320.0546875
2340.80859375
2361.5625
2355.89921875
2342.2609375
2323.028125
2296.9375
2275.0234375
2280.953125
2286.8828125
2286.55625
2284.77734375
2291.1796875
2306.00390625
2319.4875
2326.603125
2333.71875
2329.6796875
2323.75
2321.6359375
2322.821875
2327.875
2346.85
2365.825
2341.6421875
2312.58671875
2302.09375
2305.05859375
2306.1671875
2302.01640625
2297.865625
2303.2109375
2309.140625
2315.0703125
2321.0
2319.89140625
2302.6953125
2285.49921875
2284.665625
2284.07265625
2279.921875
2273.9921875
2274.86875
2288.50703125
2301.3203125
2286.49609375
2271.671875
2262.74296875
2256.2203125
2267.79609375
2307.525
2344.71875
2349.4625
2354.20625
2389.784375
2435.44296875
2474.140625
2503.7890625
2529.51875
2525.36796875
2521.2171875
2531.24609375
2544.884375
2555.68671875
2563.3953125
2562.59609375
2516.9375
2471.27890625
2458.01875
2450.903125
2434.815625
2410.50390625
2392.2078125
2397.54453125
2402.88125
2416.60546875
2431.4296875
2443.9078125
2454.58125
2464.81640625
2473.7109375
2482.60546875
2473.35
2462.6765625
2458.5
2458.5
2456.4375
2449.321875
2442.20625
2417.24140625
2391.74375
2400.27734375
2426.9609375
2441.1921875
2430.51875
2420.4125
2448.875
2477.3375
2510.75
2546.328125
2573.415625
2586.4609375
2602.771875
2672.14921875
2741.5265625
2818.79296875
2898.84375
2940.7640625
2930.090625
2921.28203125
2928.990625
2936.69921875
2915.171875
2885.5234375
2869.625
2869.625
2859.140625
2786.7984375
2714.45625
2638.1953125
2561.109375
2491.54296875
2429.28125
2364.6734375
2289.959375
2215.2453125
2158.0625
2103.509375
2062.3453125
2032.10390625
2007.775
2003.03125
1998.2875
1946.9828125
1891.24375
1872.50078125
1879.0234375
1880.8109375
1870.1375
1859.4640625
1844.253125
1828.8359375
1827.409375
1833.93203125
1827.7875
1794.58125
1761.375
1735.87734375
1710.3796875
1703.865625
1706.2375
1696.1484375
1664.128125
1633.11328125
1624.21875
1615.32421875
1605.5703125
1595.48984375
1596.2375
1612.840625
1625.8859375
1601.57421875
1577.2625
1553.86171875
1530.7359375
1519.33203125
1522.296875
1523.09609375
1509.4578125
1495.81953125
1499.9875
1508.2890625
1513.3765625
1515.15546875
1513.840625
1497.83046875
1481.8203125
1465.303125
1448.7
1429.87109375
1409.1171875
1393.77734375
1397.928125
1402.07890625
1371.596875
1337.2046875
1332.03125
1348.04140625
1357.709375
1349.4078125
1341.10625
1333.921875
1326.80625
1327.45078125
1332.7875
1327.8375
1299.375
1270.9125
1285.109375
1299.93359375
1311.5953125
1321.67578125
1319.38125
1293.88359375
1269.2453125
1273.39609375
1277.546875
1265.275
1246.3
1234.75
1234.75
1234.79296875
1235.3859375
1235.97890625
1241.4875
1248.603125
1243.859375
1223.6984375
1206.2875
1209.8453125
1213.403125
1213.65234375
1213.059375
1223.24296875
1245.1828125
1258.42578125
1225.8125
1193.19921875
1171.053125
1150.8921875
1138.15625
1132.2265625
1128.3421875
1132.49296875
1136.64375
1132.40703125
1127.0703125
1120.0578125
1111.75625
1103.89296875
1097.3703125
1090.84765625
1096.425
1102.94765625
1104.4171875
1102.63828125
1100.859375
1099.08046875
1097.3015625
1085.734375
1073.875
1073.6171875
1079.546875
1082.709375
1080.3375
1077.88828125
1070.1796875
1062.47109375
1064.6625
1071.18515625
1075.0265625
1074.43359375
1073.221875
1061.95546875
1050.6890625
1045.1203125
1041.5625
1044.73359375
1057.1859375
1074.21015625
1131.728125
1189.24609375
1188.2921875
1171.09609375
1162.15
1162.74296875
1160.84375
1144.240625
1127.6375
1112.50390625
1097.6796875
1093.68359375
1100.20625
1107.62265625
1118.8890625
1130.15546875
1126.46875
1120.5390625
1106.4453125
1085.69140625
1071.125
1077.0546875
1082.984375
1098.659375
1115.2625
1117.41953125
1109.7109375
1100.69609375
1088.24375
1075.79140625
1078.0859375
1081.05078125
1091.2
1105.43125
1114.36875
1111.996875
